-108425 1.77785e-07
-107750 1.77785e-07
-107525 3.5557e-07
-106850 1.77785e-07
-105275 1.77785e-07
-104600 1.77785e-07
-104150 1.77785e-07
-103700 3.5557e-07
-103025 5.33355e-07
-102800 1.77785e-07
-102575 5.33355e-07
-102350 5.33355e-07
-102125 1.77785e-07
-101900 7.1114e-07
-101675 8.88924e-07
-101450 3.5557e-07
-101225 3.5557e-07
-101000 3.5557e-07
-100775 5.33355e-07
-100550 7.1114e-07
-100325 3.5557e-07
-100100 3.5557e-07
-99875 3.5557e-07
-99650 1.77785e-07
-99425 7.1114e-07
-99200 5.33355e-07
-98975 7.1114e-07
-98750 5.33355e-07
-98525 5.33355e-07
-98300 8.88924e-07
-98075 7.1114e-07
-97850 7.1114e-07
-97625 1.95563e-06
-97400 1.95563e-06
-97175 1.06671e-06
-96950 1.24449e-06
-96725 1.77785e-06
-96500 1.77785e-06
-96275 1.77785e-06
-96050 1.42228e-06
-95825 1.06671e-06
-95600 1.77785e-06
-95375 1.24449e-06
-95150 2.3112e-06
-94925 2.66677e-06
-94700 2.66677e-06
-94475 3.02234e-06
-94250 2.84456e-06
-94025 1.77785e-06
-93800 2.13342e-06
-93575 3.5557e-06
-93350 1.95563e-06
-93125 3.02234e-06
-92900 3.20013e-06
-92675 4.26684e-06
-92450 3.5557e-06
-92225 4.44462e-06
-92000 3.37791e-06
-91775 4.62241e-06
-91550 3.37791e-06
-91325 4.44462e-06
-91100 5.51133e-06
-90875 4.62241e-06
-90650 4.44462e-06
-90425 4.26684e-06
-90200 6.22247e-06
-89975 7.64475e-06
-89750 7.64475e-06
-89525 4.80019e-06
-89300 5.8669e-06
-89075 6.04469e-06
-88850 5.33355e-06
-88625 6.04469e-06
-88400 8.71146e-06
-88175 9.24481e-06
-87950 6.40026e-06
-87725 9.4226e-06
-87500 1.06671e-05
-87275 8.35589e-06
-87050 1.31561e-05
-86825 1.19116e-05
-86600 9.77817e-06
-86375 9.95595e-06
-86150 1.13782e-05
-85925 9.95595e-06
-85700 1.29783e-05
-85475 1.61784e-05
-85250 1.06671e-05
-85025 1.20894e-05
-84800 1.33339e-05
-84575 1.6534e-05
-84350 1.28005e-05
-84125 1.33339e-05
-83900 1.29783e-05
-83675 1.63562e-05
-83450 1.52895e-05
-83225 1.95563e-05
-83000 1.83118e-05
-82775 1.58229e-05
-82550 1.72451e-05
-82325 1.76007e-05
-82100 2.0623e-05
-81875 2.20453e-05
-81650 2.13342e-05
-81425 1.76007e-05
-81200 1.99119e-05
-80975 1.97341e-05
-80750 2.00897e-05
-80525 2.48899e-05
-80300 2.29343e-05
-80075 1.95563e-05
-79850 2.24009e-05
-79625 2.47121e-05
-79400 2.57788e-05
-79175 2.50677e-05
-78950 2.29343e-05
-78725 2.48899e-05
-78500 2.52455e-05
-78275 2.84456e-05
-78050 2.5601e-05
-77825 2.59566e-05
-77600 2.77344e-05
-77375 2.59566e-05
-77150 2.84456e-05
-76925 2.91567e-05
-76700 3.20013e-05
-76475 3.07568e-05
-76250 2.79122e-05
-76025 3.20013e-05
-75800 2.70233e-05
-75575 3.37791e-05
-75350 3.52014e-05
-75125 3.46681e-05
-74900 3.66237e-05
-74675 3.27124e-05
-74450 3.32458e-05
-74225 3.39569e-05
-74000 2.86234e-05
-73775 3.48458e-05
-73550 3.41347e-05
-73325 3.00456e-05
-73100 3.39569e-05
-72875 3.48458e-05
-72650 3.59125e-05
-72425 3.39569e-05
-72200 3.41347e-05
-71975 3.57348e-05
-71750 3.21791e-05
-71525 3.64459e-05
-71300 3.39569e-05
-71075 3.69793e-05
-70850 3.76904e-05
-70625 3.25346e-05
-70400 3.50236e-05
-70175 3.44903e-05
-69950 4.01794e-05
-69725 3.44903e-05
-69500 3.50236e-05
-69275 3.46681e-05
-69050 3.76904e-05
-68825 3.53792e-05
-68600 3.32458e-05
-68375 3.87571e-05
-68150 3.69793e-05
-67925 3.87571e-05
-67700 3.59125e-05
-67475 3.50236e-05
-67250 3.50236e-05
-67025 3.14679e-05
-66800 3.68015e-05
-66575 3.76904e-05
-66350 3.41347e-05
-66125 3.87571e-05
-65900 3.5557e-05
-65675 3.25346e-05
-65450 3.50236e-05
-65225 3.44903e-05
-65000 3.12901e-05
-64775 2.98679e-05
-64550 3.09346e-05
-64325 3.32458e-05
-64100 2.91567e-05
-63875 3.36013e-05
-63650 3.02234e-05
-63425 3.18235e-05
-63200 2.82678e-05
-62975 3.12901e-05
-62750 2.98679e-05
-62525 2.809e-05
-62300 2.98679e-05
-62075 3.04012e-05
-61850 2.59566e-05
-61625 2.86234e-05
-61400 3.09346e-05
-61175 2.79122e-05
-60950 2.98679e-05
-60725 3.00456e-05
-60500 2.59566e-05
-60275 2.27565e-05
-60050 2.68455e-05
-59825 2.04453e-05
-59600 3.00456e-05
-59375 2.52455e-05
-59150 2.48899e-05
-58925 2.3112e-05
-58700 2.32898e-05
-58475 2.36454e-05
-58250 2.34676e-05
-58025 1.97341e-05
-57800 2.22231e-05
-57575 1.99119e-05
-57350 2.16898e-05
-57125 2.02675e-05
-56900 1.86674e-05
-56675 2.1512e-05
-56450 2.0623e-05
-56225 1.88452e-05
-56000 1.61784e-05
-55775 1.51117e-05
-55550 1.61784e-05
-55325 1.56451e-05
-55100 1.56451e-05
-54875 1.6534e-05
-54650 1.29783e-05
-54425 1.60006e-05
-54200 1.33339e-05
-53975 1.22672e-05
-53750 1.45784e-05
-53525 1.35117e-05
-53300 1.22672e-05
-53075 1.13782e-05
-52850 1.10227e-05
-52625 1.42228e-05
-52400 1.1556e-05
-52175 8.53367e-06
-51950 1.01337e-05
-51725 1.01337e-05
-51500 1.06671e-05
-51275 1.04893e-05
-51050 9.4226e-06
-50825 8.53367e-06
-50600 8.53367e-06
-50375 8.00032e-06
-50150 8.88924e-06
-49925 9.24481e-06
-49700 7.1114e-06
-49475 9.77817e-06
-49250 8.35589e-06
-49025 6.75583e-06
-48800 5.15576e-06
-48575 5.15576e-06
-48350 4.97798e-06
-48125 4.80019e-06
-47900 5.51133e-06
-47675 4.26684e-06
-47450 4.80019e-06
-47225 5.51133e-06
-47000 4.62241e-06
-46775 5.68912e-06
-46550 3.20013e-06
-46325 3.73348e-06
-46100 3.5557e-06
-45875 3.02234e-06
-45650 4.26684e-06
-45425 2.66677e-06
-45200 2.84456e-06
-44975 2.13342e-06
-44750 3.02234e-06
-44525 3.5557e-06
-44300 3.37791e-06
-44075 4.44462e-06
-43850 1.24449e-06
-43625 2.48899e-06
-43400 3.20013e-06
-43175 1.77785e-06
-42950 2.48899e-06
-42725 2.13342e-06
-42500 1.24449e-06
-42275 1.77785e-06
-42050 2.13342e-06
-41825 1.06671e-06
-41600 2.3112e-06
-41375 2.3112e-06
-41150 1.60006e-06
-40925 1.42228e-06
-40700 1.24449e-06
-40475 1.95563e-06
-40250 1.95563e-06
-40025 8.88924e-07
-39800 1.24449e-06
-39575 7.1114e-07
-39350 8.88924e-07
-39125 3.5557e-07
-38900 1.06671e-06
-38675 1.60006e-06
-38450 5.33355e-07
-38225 1.06671e-06
-38000 5.33355e-07
-37550 7.1114e-07
-37325 5.33355e-07
-37100 1.77785e-07
-36875 3.5557e-07
-36650 5.33355e-07
-36200 5.33355e-07
-35975 1.77785e-07
-35750 1.77785e-07
-35525 3.5557e-07
-35300 3.5557e-07
-33275 1.77785e-07
-32150 1.77785e-07
-30350 1.77785e-07
